62863458
113680023
111187213
4838697
213403280
228831513
165421763
165021552
235475521
146502965
173075592
108218378
134239691
215391472
157636274
200274346
220483618
66469702
236393788
212659347
202379735
136466875
213444614
204579319
222091985
135740554
153227464
137915237
229370623
210849834
237618014
83652870
238719251
176131811
175741742
70089590
210300122
130503516
134261590
214903483
140252161
105736498
183074179
218016673
172639919
239224129
236208196
177198276
163662684
205254336
106937078
177493585
84691750
220308005
217883235
234319489
222970513
169214263
141043968
204920151
205106611
223892676
148765159
241038240
148876466
131822967
174043784
138019056
236335147
77912999
88201667
159042640
100239889
137278526
178052931
242378210
236030932
245211937
43123196
176841593
129755894
244695618
244769955
234553676
214184263
210548496
199494591
245720104
224093206
239223958
246217688
162444340
185178927
71884375
238742612
129547258
209782743
242403002
246214177
218609211
245200343
133969515
128250981
225470619
222645625
191724408
248214511
233108032
190376223
103383279
245286660
237461989
231700178
182887587
162109671
196615990
228094852
112609380
23105223
8942115
239266905
212406901
240571088
217723758
248948314
89021271
233084550
157908923
201141647
237384012
229217363
199087865
3101229
207646286
250020157
121800698
155528078
212618208
134591081
225326702
238121567
238876288
251301962
157418138
135259297
96493884
100892071
153947961
151654975
188776714
246517262
97188665
210671221
185953207
216285635
252739235
101022293
187849554
254125433
135132248
216479615
254501782
255163347
252771596
206123110
33803763
